vedidk
7013507
3554392
5005663
9643737
2765233
8336628
5572568
2905930

5405769

4843657
2540991
3187608
8579377
6339603
2563231
7215789

7341520
6559433
1051008
8218080
8386579
8305021
2869640
9779175
2705109
3753670
1648241
2071681
3387364
8073236
9012338
1071130
6901409
5514088

1793411
6675085
3021394

1113992
7547544

2664755
8864837
5195500
6826784
4450140
4031164
1086936
5411173
5571812
5394341


1310712
4276760
2148560
5111633


3903230
4728815

9021094

5633907
5799864


8862842

7447442
2300303

9488057
4686586

3929809
6304397
4885783

4484789

3481891
4439031

4918649
5993768
3120899
5131391

1712136
8140650
4382749
2554178
6656153


1610775
6514685
2810824

2404214
7241615
4974743
2910055
4470265
4187024

8133662

6054781
6650082

2032279
2465205
5929229

5709164

8822689
1258486
9508120

9175970
4381920
6110568
4875125
8730679
2135078

9105514
7362498
8513600
6179657
5613833
4750314
7156367
2141973
1238221
7713452
6004067
4550447

6099017
1544209

3555763
3170608
3214915
7767307
9263942


4429230
9414703
4552008
1696289
5492076
1935240
6541852

8367299
2857693


3153142
3493814
4558597
6373518

4187288
3382257
8303401
6527930


5488184

6876455

9895744
8336679
6522327
8466572
2958244
9831142
7945736
5781450
3825361

9814183
3972305
9414657
7660847
9741917
8426058

2674076
2912988

6239773
4214706
7888961
9521917

8932395
8144842
4819934
3729710
5056837
4288089
3718441
8245614
6754716

4334175
6057624

1063537
5191378
8108943

7885229
7849915
9014701
4011236
9446516
3984818
7965869
6544312

4885708
1083988
8406332

8454884
6736327


2942186
1451816
2620510
7047797
2665395
3186644
4472713
8891869
6480543
2646919

4868316
4427920
8072639

3529347
9032193
1703552
8003750

2889528
4976544
6696279
6781527
3227413
4140311

2449080

1622377
5361850
7740492
9373586
5715733


3134679
1970860
7502303
4450140





1596349


3870397
7324898
7408285
2433087


9488057
5278880
5475333
6171419
8140650
1846906
6698093
7966059

8398984
2136643

1014927
1826050


4438078

7698291
3807290
3142140
1602756

7549261






6198252
5633907

1907603
1886886
8582513

8787565




6961797

5799864
6452981

2066475
9400753
5123871
2158507
8187967

6023975
6868169
2943824
3440621
9534407
5119235


2728958

5621577

9994262
2571544
6015905
7133332
5057866
4550803
1475398
8233136
1173379
7668872

3885364

7757840
8215359

3635155
6775802
3933334

9859462
3240584



4791576

2068761
3377989
1186043
7603614
3076210
5357778
1446621
6050956
5519608
9521992
3411427
6366252
8608210
2625237

1097318
9282076
1846000
8804230

1727109


4418174
6119409
4231015


8017069
2156563
8078289
7669844
3215067

5531470

2857693
1715798
9186697
9562176
1629107
9951377
6455549
1090194
3731138
3875563

9286799
6617271
2969416
8110107
5642272


8465533
3792297
2652773


6705952

4152573

6199100

2702002


3236080
2226162
5191378
2159821
2784580

9414401


7346999
5110881
8442584

8552479

9211857
1063537
4431200


4486005


9390774

6828289
5307112


3507130
9122702
8902674

4340848
